
"images": ["sprite.png"],
"frames": [

    [1872, 0, 36, 45], 
    [1836, 0, 36, 45], 
    [1800, 0, 36, 45], 
    [1764, 0, 36, 45], 
    [1728, 0, 36, 45], 
    [1692, 0, 36, 45], 
    [1656, 0, 36, 45], 
    [1620, 0, 36, 45], 
    [1584, 0, 36, 45], 
    [1548, 0, 36, 45], 
    [1512, 0, 36, 45], 
    [1476, 0, 36, 45], 
    [1440, 0, 36, 45], 
    [1404, 0, 36, 45], 
    [1368, 0, 36, 45], 
    [1332, 0, 36, 45], 
    [1296, 0, 36, 45], 
    [1260, 0, 36, 45], 
    [1224, 0, 36, 45], 
    [1188, 0, 36, 45], 
    [1152, 0, 36, 45], 
    [1116, 0, 36, 45], 
    [1080, 0, 36, 45], 
    [1044, 0, 36, 45], 
    [1008, 0, 36, 45], 
    [972, 0, 36, 45], 
    [936, 0, 36, 45], 
    [900, 0, 36, 45], 
    [864, 0, 36, 45], 
    [828, 0, 36, 45], 
    [792, 0, 36, 45], 
    [756, 0, 36, 45], 
    [720, 0, 36, 45], 
    [684, 0, 36, 45], 
    [648, 0, 36, 45], 
    [612, 0, 36, 45], 
    [576, 0, 36, 45], 
    [540, 0, 36, 45], 
    [504, 0, 36, 45], 
    [468, 0, 36, 45], 
    [432, 0, 36, 45], 
    [396, 0, 36, 45], 
    [360, 0, 36, 45], 
    [324, 0, 36, 45], 
    [288, 0, 36, 45], 
    [252, 0, 36, 45], 
    [216, 0, 36, 45], 
    [180, 0, 36, 45], 
    [144, 0, 36, 45], 
    [108, 0, 36, 45], 
    [72, 0, 36, 45], 
    [36, 0, 36, 45], 
    [0, 0, 36, 45]
],
"animations": {
    
        "2c":[0], 
        "2d":[1], 
        "2h":[2], 
        "2s":[3], 
        "3c":[4], 
        "3d":[5], 
        "3h":[6], 
        "3s":[7], 
        "4c":[8], 
        "4d":[9], 
        "4h":[10], 
        "4s":[11], 
        "5c":[12], 
        "5d":[13], 
        "5h":[14], 
        "5s":[15], 
        "6c":[16], 
        "6d":[17], 
        "6h":[18], 
        "6s":[19], 
        "7c":[20], 
        "7d":[21], 
        "7h":[22], 
        "7s":[23], 
        "8c":[24], 
        "8d":[25], 
        "8h":[26], 
        "8s":[27], 
        "9c":[28], 
        "9d":[29], 
        "9h":[30], 
        "9s":[31], 
        "ac":[32], 
        "ad":[33], 
        "ah":[34], 
        "as":[35], 
        "back":[36], 
        "jc":[37], 
        "jd":[38], 
        "jh":[39], 
        "js":[40], 
        "kc":[41], 
        "kd":[42], 
        "kh":[43], 
        "ks":[44], 
        "qc":[45], 
        "qd":[46], 
        "qh":[47], 
        "qs":[48], 
        "tc":[49], 
        "td":[50], 
        "th":[51], 
        "ts":[52]
}