
"images": ["sprite.png"],
"frames": [

    [2080, 0, 40, 64], 
    [2040, 0, 40, 64], 
    [2000, 0, 40, 64], 
    [1960, 0, 40, 64], 
    [1920, 0, 40, 64], 
    [1880, 0, 40, 64], 
    [1840, 0, 40, 64], 
    [1800, 0, 40, 64], 
    [1760, 0, 40, 64], 
    [1720, 0, 40, 64], 
    [1680, 0, 40, 64], 
    [1640, 0, 40, 64], 
    [1600, 0, 40, 64], 
    [1560, 0, 40, 64], 
    [1520, 0, 40, 64], 
    [1480, 0, 40, 64], 
    [1440, 0, 40, 64], 
    [1400, 0, 40, 64], 
    [1360, 0, 40, 64], 
    [1320, 0, 40, 64], 
    [1280, 0, 40, 64], 
    [1240, 0, 40, 64], 
    [1200, 0, 40, 64], 
    [1160, 0, 40, 64], 
    [1120, 0, 40, 64], 
    [1080, 0, 40, 64], 
    [1040, 0, 40, 64], 
    [1000, 0, 40, 64], 
    [960, 0, 40, 64], 
    [920, 0, 40, 64], 
    [880, 0, 40, 64], 
    [840, 0, 40, 64], 
    [800, 0, 40, 64], 
    [760, 0, 40, 64], 
    [720, 0, 40, 64], 
    [680, 0, 40, 64], 
    [640, 0, 40, 64], 
    [600, 0, 40, 64], 
    [560, 0, 40, 64], 
    [520, 0, 40, 64], 
    [480, 0, 40, 64], 
    [440, 0, 40, 64], 
    [400, 0, 40, 64], 
    [360, 0, 40, 64], 
    [320, 0, 40, 64], 
    [280, 0, 40, 64], 
    [240, 0, 40, 64], 
    [200, 0, 40, 64], 
    [160, 0, 40, 64], 
    [120, 0, 40, 64], 
    [80, 0, 40, 64], 
    [40, 0, 40, 64], 
    [0, 0, 40, 64]
],
"animations": {
    
        "2c":[0], 
        "2d":[1], 
        "2h":[2], 
        "2s":[3], 
        "3c":[4], 
        "3d":[5], 
        "3h":[6], 
        "3s":[7], 
        "4c":[8], 
        "4d":[9], 
        "4h":[10], 
        "4s":[11], 
        "5c":[12], 
        "5d":[13], 
        "5h":[14], 
        "5s":[15], 
        "6c":[16], 
        "6d":[17], 
        "6h":[18], 
        "6s":[19], 
        "7c":[20], 
        "7d":[21], 
        "7h":[22], 
        "7s":[23], 
        "8c":[24], 
        "8d":[25], 
        "8h":[26], 
        "8s":[27], 
        "9c":[28], 
        "9d":[29], 
        "9h":[30], 
        "9s":[31], 
        "ac":[32], 
        "ad":[33], 
        "ah":[34], 
        "as":[35], 
        "back":[36], 
        "jc":[37], 
        "jd":[38], 
        "jh":[39], 
        "js":[40], 
        "kc":[41], 
        "kd":[42], 
        "kh":[43], 
        "ks":[44], 
        "qc":[45], 
        "qd":[46], 
        "qh":[47], 
        "qs":[48], 
        "tc":[49], 
        "td":[50], 
        "th":[51], 
        "ts":[52]
}